10 2ary/3ary Visual Posterior (BA18/19p)	11 2ary Auditory Posterior (BA21p)	12 Premotor Posterior (BA6p)	13 Premotor Precentral (BA6prc)	14 1ary Visual Posterior (BA17p)	15 1ary Motor (BA4)	16 1ary Auditory (BA41/42)	17 1ary Visual Anterior (BA17a)	18 1ary Somatosensory (BA3/1/2)	19 Posterior Middle Temporal (BA37-pMT)	2  Anterior Supramarginal (BA40a)	20 Posterior Fusiform (BA37m)	21 FEF Lateral (BA8)	22 Premotor Medial (BA6m)	23 Insular Anterior Cortex	24 Cingulate Posterior (BA23p)	25 Posterior Inferior Temporal (BA20p)	26 2ary Auditory, language (BA22a)	27 2ary/3ary Visual Anterior (BA18/19a)	28 2ary Auditory, Wernicke (BA22p)	29 Precuneus (BA7m)	3  Posterior Superior Parietal (BA7p)	30 Premotor Anterior Lateral (BA6a)	31 Supramarginal Posterior (BA40p)	32 Ventrolateral Prefrontal, Broca (BA44)	33 Anterior Inferior Temporal (BA20a)	34 Dorsolateral Prefrontal (BA9)	35 Dorsolateral Prefrontal Medial (BA9m)	36 FEF Medial (BA8m)	37 2ary Auditory Anterior (BA21a)	38 Anterior Prefrontal (BA10)	4  Anterior Superior Parietal (BA5/BA7a)	40 Cingulate Anterior (BA32g)	41 Angular (BA39)	42 Cingulate Subcallosal (BA25)	43 Temporopolar (BA38)	44 Dorsolateral Prefrontal (BA46)	45 Ventrolateral Prefrontal, Broca (BA45)	46 Prefrontal Medial (BA10m)	47 Cingulate Posterior (BA31)	48 Cingulate Anterior (BA24)	49 Cingulate Anterior (BA32)	5  Retrosplenial (BA29/30)	50 Orbitofrontal (BA11)	51 Piriform Cortex	52 Amygdala	53 Insular Posterior Cortex	54 Entorhinal Cortex	55 Hippocampus, CA3 / Dentate Gyrus	56 Nucleus Accumbens	57 Caudate	58 Putamen	6  Anterior Middle Temporal (BA37-aMT)	64 Globus Pallidus	65 Hippocampus, CA1	68 Medial Dorsal Thalamus	7  Orbitofrontal (BA47)	70 Ventral Lateral Thalamus	8  Cingulate Posterior (BA23a)
10 2ary/3ary Visual Posterior (BA18/19p)	0	5.85939975550261	2.54015672413926	2.88025287599005	0.696559841855656	2.42091780883954	2.59465905917491	1.01559649968346	2.24777945103228	3.00873399753665	2.88201313675989	0.998139197480023	5.75237180445106	2.76394893427073	3.77836149681669	3.54897926335578	3.91544173512737	3.41296075254485	1.01559649968346	3.2918969049842	3.85942336191977	1.8838470179237	3.16024456391577	5.65827223544615	3.45164243358454	3.23157965070248	5.80693456705643	6.05672404489004	4.18866772420267	5.32121221309142	5.98325488723911	1.87333589909899	5.59988781567337	4.08583408998016	5.59988781567337	3.50976313825525	4.51216491549895	5.37183782840751	5.99379700515546	5.51919330141923	2.995731988863	4.71889033412036	1.87596206885505	4.82249733612945	3.1238665396001	3.0059527286326	2.64071535923323	3.1238665396001	3.5556363289452	4.54778427880975	4.56656906478161	3.89557207251478	1.83461385298643	3.81156010397958	3.13611681567297	3.92622627574661	5.78203446450536	2.60126344903267	4.6642550978111
11 2ary Auditory Posterior (BA21p)	5.85939975550261	0	6.61771526081955	4.72887204372097	6.33639979127554	5.69848897745106	6.38985543456789	6.60648670244195	5.89530074552062	4.01149176209535	6.22723389665894	6.42096347670909	0.820422225442278	6.52660973927577	4.01429291657703	3.66623469989186	2.3534715345669	3.92286984043565	6.60648670244195	4.16330721957139	2.77377362317152	6.23062917341401	5.92226226222438	2.07960540537457	4.97752235178462	3.25926271266982	0.945404548198904	1.82375326095252	4.01242271810957	1.41113920433595	1.11950587703918	5.88329416958279	1.58437817845101	2.03843381838333	1.58437817845101	3.38338213978097	2.99651778131601	1.8989157548557	1.23730522875113	1.04655771244379	4.75812754428211	3.08611286873096	4.44162370942178	1.74563811297534	3.6524310851321	3.82311785059996	6.22899506960377	3.6524310851321	3.15041036685201	2.80776083724427	2.88338996524065	3.96167637488587	5.31759597763105	3.9337556216952	3.37903023292782	3.12381597386202	1.49511843478295	4.29032025399721	1.7024725029131
12 Premotor Posterior (BA6p)	2.54015672413926	6.61771526081955	0	2.35134575090332	2.5083934319759	1.19126020120699	1.04750984965366	2.16231068832395	1.06787562302465	3.13590640722545	1.63193894664857	2.20115528078532	6.33667530160927	0.858747184777941	3.53127716954257	3.80579340472466	4.51613288956532	3.48383635287539	2.16231068832395	3.13743874191094	5.08081158352238	1.62292332523289	1.76725127158517	5.9784268534191	2.58935972186472	3.67389646714768	6.35011284139966	6.37905477324862	3.77702287734604	5.92199235958093	6.5354464745554	1.60042202037935	6.22597186095722	4.87909318137386	6.22597186095722	3.83457188374054	4.70192079371682	5.5688136486648	6.52207125364726	6.44956701491905	2.6448797544941	4.99927858594498	3.33771115046099	5.18949118452221	3.69129203010513	3.16757670529035	1.17055417712425	3.69129203010513	4.35355246035354	4.84249970191469	4.62957209695146	3.69289884021905	2.29071913072196	3.67085380314283	3.8711774061719	4.15863645692378	6.09126354312531	2.75545700131894	5.70515664742476
13 Premotor Precentral (BA6prc)	2.88025287599005	4.72887204372097	2.35134575090332	0	3.24928243139053	2.08070713513742	2.57925783376186	3.26133046086504	2.22754673322432	1.35557747320823	1.56621253782723	3.1567698436938	4.30062472738232	2.49774734375052	2.08297880534383	2.36510321201374	2.5180161519563	2.90433704002423	3.26133046086504	2.60305190327104	3.35883883787864	2.04396953112869	1.38647791751193	3.8447535819552	1.44003241280393	2.48504626625476	4.6143213180662	4.38274810311294	2.20659086496423	4.38124554818234	4.4999311603864	1.72272695264086	4.58403631416135	2.97614260986431	4.58403631416135	2.84083281716677	2.56326543259007	3.75401615055813	4.7773201023637	4.75391870331037	1.5923325462821	3.41897943089732	2.77538813991046	3.29215733105807	2.49269087758622	2.2503634521316	2.23653690108673	2.49269087758622	3.38722576333874	3.19116335763861	2.78524991664975	2.24514358452317	1.72910208706514	2.17240339989708	2.85996340060135	2.42748504343455	4.21153406634063	1.77494399641935	4.08021207849554
14 1ary Visual Posterior (BA17p)	0.696559841855656	6.33639979127554	2.5083934319759	3.24928243139053	0	2.55588913157212	2.66886476256396	0.790388449523286	2.33594784162376	3.40133150718221	3.05740660501819	0.519295055556245	6.25063101806017	2.84623192370231	4.28445638804959	4.08869148947669	4.39970725791128	3.70457923913756	0.790388449523286	3.59281963274342	4.31383794283143	1.91415188265597	3.40181526931909	6.20440993852673	3.85811809893498	3.64304794340115	6.27170194476462	6.60146271370247	4.68995167798399	5.75183795766654	6.50444663745203	2.04498784716853	6.0946953948276	4.5371000412694	6.0946953948276	3.91530818597476	5.06297440013525	5.86094278418559	6.48348889104291	5.9740650039405	3.46879383332906	5.27876144745916	2.27529187944815	5.32086115597163	3.55054054655909	3.37953420481237	2.81847778660839	3.55054054655909	3.89495143975814	5.08207553618817	5.09329939404289	4.39381099062305	2.01066822462365	4.30959136993927	3.49311426802133	4.45033528708844	6.28517299581989	3.01700600601008	5.13102657510829
15 1ary Motor (BA4)	2.42091780883954	5.69848897745106	1.19126020120699	2.08070713513742	2.55588913157212	0	0.886374446853421	2.27058831421803	0.333176582876306	2.67281862908394	2.16782863892744	2.32549776576255	5.47689518230924	1.02223926353657	2.7796088308789	2.97126527463454	3.76209296793165	2.43869223619802	2.27058831421803	2.12242609928442	4.388198093344	2.09573235377917	2.04302747534057	5.21543956903062	2.19818908898818	2.72761872235832	5.36572869681397	5.50606805654081	3.0936583437994	4.90434015369144	5.6669660656571	1.81876611598613	5.19930803819122	4.10462228873546	5.19930803819122	2.80959332965513	4.04270129261057	4.6683877480089	5.51669162598424	5.4789920274806	2.03263329260565	4.09273728297561	2.62063213269966	4.29066679803254	2.88293731252085	2.19557214100744	1.12638861363102	2.88293731252085	3.36211103543992	3.93006636903703	3.80436699330228	2.93778118576636	2.3156346798377	2.94056185280317	2.93822385260428	3.3247877168346	5.1741759854778	1.97967183977712	4.76373903924534
16 1ary Auditory (BA41/42)	2.59465905917491	6.38985543456789	1.04750984965366	2.57925783376186	2.66886476256396	0.886374446853421	0	2.18737157649668	0.812338047557177	3.23994397549315	2.20343556045159	2.40224558525794	6.15726664203962	0.488535090720052	3.12358359352708	3.41301044265569	4.42278683419937	3.06654361887571	2.18737157649668	2.71490265209788	5.03389719025669	2.25562729708452	2.11994242084853	5.77070843838633	2.41829554709367	3.37091015461496	6.04751812089707	6.07536153202575	3.47356359767408	5.59104848348963	6.29705643244303	2.03453572376417	5.81469800997323	4.80924542176058	5.81469800997323	3.39197012620587	4.53776804676787	5.27986439459534	6.15845684696436	6.17506642802401	2.29158927952128	4.5155645085874	3.11546033253449	4.92684518018734	3.44853015536273	2.80768176603775	0.660191238628473	3.44853015536273	4.03434924165367	4.41909229886266	4.30821058425825	3.29976862339675	2.73453670604115	3.32573361065711	3.60546011735351	3.85176925248189	5.79383859771025	2.49294417924478	5.43272390328307
17 1ary Visual Anterior (BA17a)	1.01559649968346	6.60648670244195	2.16231068832395	3.26133046086504	0.790388449523286	2.27058831421803	2.18737157649668	0	2.01994069697663	3.5928869147	2.91011201817986	0.779398273437246	6.48565272046801	2.36343493014932	4.13348427265762	4.01623568417517	4.63998436294318	3.72701333803599	0	3.57137194110356	4.6591109685577	1.94474912554299	3.2213406200189	6.33440711375523	3.66357111598239	3.759064786175	6.46748460100919	6.70038983369657	4.5621708174066	5.94874763753894	6.69723277938261	1.98592934216628	6.21092971815311	4.84442090015816	6.21092971815311	3.94646644077333	5.12197420766982	5.97648867599312	6.62571895614629	6.23884826308245	3.24327291836598	5.20400428405418	2.44352244243755	5.45578880242869	3.665191088679	3.39378177646347	2.36181053875621	3.665191088679	4.09515958254757	5.06689215716035	5.08390016218315	4.2527108069975	2.3392888470969	4.19072586019968	3.67975583819393	4.463598286075	6.41934728118655	2.97954018809569	5.38366640950544
18 1ary Somatosensory (BA3/1/2)	2.24777945103228	5.89530074552062	1.06787562302465	2.22754673322432	2.33594784162376	0.333176582876306	0.812338047557177	2.01994069697663	0	2.81995900312148	2.16984808741521	2.11050809753771	5.6831088271653	0.976614022025699	3.01505836855533	3.12569601668827	3.93041038770419	2.6483655553791	2.01994069697663	2.36297590414526	4.45465823520543	1.93615194641231	2.16091336614295	5.43860793578742	2.42979687975892	2.91730418275332	5.58942358989539	5.74410196068873	3.35406891096584	5.11507206882508	5.87979093418663	1.68470399373928	5.39673928671714	4.25344298584071	5.39673928671714	3.01402032754923	4.24322580963011	4.9290171226322	5.73393396427557	5.64009466407191	2.17840307996456	4.29532242810394	2.57729827568173	4.51122215743806	3.01630647181773	2.39299081897629	1.13471369186295	3.01630647181773	3.49206594919156	4.13386662071394	4.03588569432532	3.16070973352447	2.27460887794574	3.15156739893407	3.06254976080385	3.5140969082249	5.42346247063108	2.11720033018014	4.89477678727566
19 Posterior Middle Temporal (BA37-pMT)	3.00873399753665	4.01149176209535	3.13590640722545	1.35557747320823	3.40133150718221	2.67281862908394	3.23994397549315	3.5928869147	2.81995900312148	0	2.52744941508679	3.3516145445707	3.70242958711283	3.28486834235684	2.31043186802707	2.39520893089361	1.91324552727567	2.60137483572789	3.5928869147	2.37289848736202	2.83155233615881	2.66801522675511	2.3301556849984	3.38629289924664	2.07431321991431	1.9999743699267	3.98058624608759	3.95841927398431	2.41836684241656	3.72268961373398	3.93606083039326	2.4274774422912	4.11875739156748	2.29952528506866	4.11875739156748	2.46354337897499	2.41760809399465	3.2127400482941	4.2535865353405	4.09570419191003	2.22387172557233	3.34521461366723	2.66389122567733	2.81106266821489	2.2076736447115	2.0656342076136	2.98825603296803	2.2076736447115	2.88830908055621	2.99570091385968	2.64714166268903	2.42703821024303	1.81371307348762	2.33768236609498	2.4453441754947	2.28493345756569	3.65990101431939	1.90590437294986	3.48961643552854
2  Anterior Supramarginal (BA40a)	2.88201313675989	6.22723389665894	1.63193894664857	1.56621253782723	3.05740660501819	2.16782863892744	2.20343556045159	2.91011201817986	2.16984808741521	2.52744941508679	0	2.88048866559953	5.80952079211032	1.99528878304295	3.15260915402715	3.49645613253236	3.96259488629737	3.94557674717887	2.91011201817986	3.56869253391077	4.61750956363077	1.41024137070866	0.861556961352866	5.24545954715943	2.06640484505337	3.73312344857979	6.11126587627831	5.82412627194735	3.32496119913106	5.83720795749727	5.97234486135007	1.35199177404071	6.02685433022662	4.4167120007223	6.02685433022662	4.026014179215	3.89672814483092	5.19889632559237	6.25832077472467	6.22033129224776	2.31425430929921	4.66424940195741	3.53746513209805	4.76660872613897	3.62177638513135	3.35411760546303	1.81733735044674	3.62177638513135	4.59875375028946	4.50835509473024	4.14076309870786	3.33085881215548	1.90768362711125	3.27805723578516	4.03609233888627	3.73801598138412	5.68254991160892	2.70520491693048	5.48514616227818
20 Posterior Fusiform (BA37m)	0.998139197480023	6.42096347670909	2.20115528078532	3.1567698436938	0.519295055556245	2.32549776576255	2.40224558525794	0.779398273437246	2.11050809753771	3.3516145445707	2.88048866559953	0	6.32554740844804	2.57618846060407	4.21225364382996	4.13493840088414	4.46254850669571	3.5834996646479	0.779398273437246	3.44072095425367	4.51394669652351	1.82057034980046	3.18256323196528	6.24390427249567	3.69311097275731	3.60213422976096	6.30691804900253	6.63721544721304	4.60072701218453	5.77736754816168	6.57093603205044	1.98506166664027	6.16833013649009	4.62736951295794	6.16833013649009	3.85970730945308	5.0909390181324	5.83440070535088	6.53586764193619	6.09563412567053	3.41932870275066	5.31483061285941	2.46388917933405	5.34342756126779	3.57162816756754	3.2950890602034	2.58042528654968	3.57162816756754	3.92930835766282	5.10919613164891	5.08093938994035	4.33146551402021	1.94869770830713	4.25561409188842	3.51916933510112	4.48541077116573	6.29000650589606	2.96912922134331	5.27836819352355
21 FEF Lateral (BA8)	5.75237180445106	0.820422225442278	6.33667530160927	4.30062472738232	6.25063101806017	5.47689518230924	6.15726664203962	6.48565272046801	5.6831088271653	3.70242958711283	5.80952079211032	6.32554740844804	0	6.25152399058324	3.62958086738446	3.34271984237937	2.02287309038133	3.94290634888917	6.48565272046801	4.11293494545432	2.6365412140599	5.9313931272194	5.50242184946953	1.46388006390109	4.56552222618896	3.21291659212163	1.27460435572809	1.36399966385906	3.57874199257685	1.80234638393592	0.697293330391137	5.5684386702517	1.70370456302333	1.83707058295678	1.70370456302333	3.37808971176147	2.40123727624982	1.68284242683252	1.38043544090774	1.52327092566384	4.38086678929028	2.7597120707572	4.38563520612199	1.39593102708394	3.53063001204719	3.70963211344117	5.94172019861094	3.53063001204719	3.30212105255326	2.49870981145727	2.42876498528511	3.57580364258407	5.07596145048221	3.54439262736054	3.39927083450591	2.75926742114339	1.28503033141431	4.054600197371	1.87963353346691
22 Premotor Medial (BA6m)	2.76394893427073	6.52660973927577	0.858747184777941	2.49774734375052	2.84623192370231	1.02223926353657	0.488535090720052	2.36343493014932	0.976614022025699	3.28486834235684	1.99528878304295	2.57618846060407	6.25152399058324	0	3.15685428927256	3.49494044668392	4.51816513339989	3.2977566640267	2.36343493014932	2.92995126216438	5.15992514132466	2.20028353452716	1.90827313141693	5.81497998469818	2.33110262985104	3.54590575765504	6.18687920057968	6.14433735769381	3.44141349800815	5.76198028476179	6.3892631074409	1.99137222768651	5.97155183944047	4.92712731880354	5.97155183944047	3.58981874275361	4.54438350775844	5.37079686061367	6.29583667743446	6.34497286814079	2.28976465525844	4.60277121929604	3.34128464939335	5.02634488564837	3.59298655233471	2.99455422887232	0.617338887834064	3.59298655233471	4.26705555852326	4.52140000343599	4.35896130210387	3.33281919395194	2.77647329063783	3.35297266385035	3.82037254351225	3.92738677118734	5.89007400401479	2.62683596335297	5.60953653781307
23 Insular Anterior Cortex	3.77836149681669	4.01429291657703	3.53127716954257	2.08297880534383	4.28445638804959	2.7796088308789	3.12358359352708	4.13348427265762	3.01505836855533	2.31043186802707	3.15260915402715	4.21225364382996	3.62958086738446	3.15685428927256	0	1.39971889754123	2.41029478753854	2.52348718357836	4.13348427265762	2.28506297817983	3.53605411291328	3.70196414001492	2.64923996593287	2.90071774811319	1.3515421468098	2.08397918664825	3.67153793142436	3.16287202174294	0.840425555319441	3.50050638961731	3.58407925889158	3.23959440618267	3.40354298460152	2.96415624154627	3.40354298460152	2.05367049191054	1.7826934491083	2.66318682786532	3.64168444787407	4.07803036695713	1.25604242227555	1.72678684612091	3.09297443293689	2.37944651103879	2.33449870575958	1.92596886840494	2.74642515853202	2.33449870575958	3.09180212685564	1.77367820086008	1.44510407108418	0.780680899668722	3.35774224188865	0.984559617722168	2.76218567201324	1.57291176743459	3.09766373308064	1.8934557322408	3.52815316752169
24 Cingulate Posterior (BA23p)	3.54897926335578	3.66623469989186	3.80579340472466	2.36510321201374	4.08869148947669	2.97126527463454	3.41301044265569	4.01623568417517	3.12569601668827	2.39520893089361	3.49645613253236	4.13493840088414	3.34271984237937	3.49494044668392	1.39971889754123	0	2.10296782014908	2.60812337193912	4.01623568417517	2.54880662412039	2.78033894187938	3.6751928423655	3.25793740368901	2.8766520370861	2.28865158473887	2.01893479067594	3.46657786317857	3.14105122817175	1.86810695928759	3.25452025670566	3.36633446760043	3.16626324065517	3.0030290178348	2.52010879255233	3.0030290178348	2.05121519476403	1.87231995637797	2.85405426252466	3.36262973476847	3.50326019454931	1.46943976601294	1.60889826324462	2.48874595092028	2.23500496667276	2.14252388815505	1.98835889738195	3.12938118042148	2.14252388815505	2.70133926927447	1.65902424729504	1.68564083660333	1.49098891678597	3.32885297402234	1.52885478189689	2.39958570751505	1.3283262735596	3.13415994633609	1.87671836513143	2.81795022487721
25 Posterior Inferior Temporal (BA20p)	3.91544173512737	2.3534715345669	4.51613288956532	2.5180161519563	4.39970725791128	3.76209296793165	4.42278683419937	4.63998436294318	3.93041038770419	1.91324552727567	3.96259488629737	4.46254850669571	2.02287309038133	4.51816513339989	2.41029478753854	2.10296782014908	0	2.78347478698208	4.63998436294318	2.83371985579496	1.66150016513544	3.98711519451806	3.75990584806459	2.07495023676598	3.04369432031541	1.8845732581702	2.49250737278566	2.52645197392795	2.54676631499007	2.39187155193046	2.28854139018933	3.64446300418609	2.56322006665465	0.75629166442437	2.56322006665465	2.28263140778567	1.58397184390127	2.10654411100145	2.67748503536816	2.44528345549328	2.79472797028407	2.40533307619839	2.77240960209406	1.35511643444281	2.12357502761007	2.27596706903743	4.19518832819886	2.12357502761007	2.34797186077921	2.01171195484656	1.81553521239601	2.41844281834521	3.13418994753332	2.33646059746183	2.13732788530085	1.65402336488797	2.30840260428783	2.39853818427569	1.91979025561759
26 2ary Auditory, language (BA22a)	3.41296075254485	3.92286984043565	3.48383635287539	2.90433704002423	3.70457923913756	2.43869223619802	3.06654361887571	3.72701333803599	2.6483655553791	2.60137483572789	3.94557674717887	3.5834996646479	3.94290634888917	3.2977566640267	2.52348718357836	2.60812337193912	2.78347478698208	0	3.72701333803599	0.649319225382397	3.57392525124245	3.84712926388512	3.56175745010513	4.03881504958477	2.86295107748621	1.21548414042399	3.42760506031634	4.06611730873129	2.76666309786753	2.83041513023794	4.14171698589253	3.53395776265218	3.46007163221249	2.92408965604697	3.46007163221249	1.01273341626375	3.44587222294245	3.00562798257153	3.6991586414912	3.70906024419133	2.75109371974557	3.1262864106962	2.56012061765398	2.85311103883856	2.16599934563606	1.11214315769083	3.15907354610665	2.16599934563606	1.6637366717807	2.83841563674588	2.87552014839867	2.62634382897305	3.25726338017252	2.65821901395451	1.65055549803645	2.64030228205638	3.47896033477292	2.11180549268659	3.24410792069716
27 2ary/3ary Visual Anterior (BA18/19a)	1.01559649968346	6.60648670244195	2.16231068832395	3.26133046086504	0.790388449523286	2.27058831421803	2.18737157649668	0	2.01994069697663	3.5928869147	2.91011201817986	0.779398273437246	6.48565272046801	2.36343493014932	4.13348427265762	4.01623568417517	4.63998436294318	3.72701333803599	0	3.57137194110356	4.6591109685577	1.94474912554299	3.2213406200189	6.33440711375523	3.66357111598239	3.759064786175	6.46748460100919	6.70038983369657	4.5621708174066	5.94874763753894	6.69723277938261	1.98592934216628	6.21092971815311	4.84442090015816	6.21092971815311	3.94646644077333	5.12197420766982	5.97648867599312	6.62571895614629	6.23884826308245	3.24327291836598	5.20400428405418	2.44352244243755	5.45578880242869	3.665191088679	3.39378177646347	2.36181053875621	3.665191088679	4.09515958254757	5.06689215716035	5.08390016218315	4.2527108069975	2.3392888470969	4.19072586019968	3.67975583819393	4.463598286075	6.41934728118655	2.97954018809569	5.38366640950544
28 2ary Auditory, Wernicke (BA22p)	3.2918969049842	4.16330721957139	3.13743874191094	2.60305190327104	3.59281963274342	2.12242609928442	2.71490265209788	3.57137194110356	2.36297590414526	2.37289848736202	3.56869253391077	3.44072095425367	4.11293494545432	2.92995126216438	2.28506297817983	2.54880662412039	2.83371985579496	0.649319225382397	3.57137194110356	0	3.75929916139415	3.59359846079067	3.13080661008726	4.04149494551555	2.43884525918413	1.36971313580967	3.68629880210291	4.14482954200536	2.47193067117071	3.16051702366685	4.29067033673099	3.29075551992818	3.74857701609414	3.08163745565624	3.74857701609414	1.2483131393056	3.34867034034763	3.06498285471695	3.96183999120669	4.04490540097366	2.48629771039	3.1525546198314	2.68307619067847	2.97881693490936	2.21315595251276	1.19467439542056	2.78729286553915	2.21315595251276	2.09721365700914	2.91040296437106	2.83832940839884	2.4483671888227	3.05333473063574	2.49073895510179	1.95091531828585	2.60025302793067	3.59849211608643	1.94912274298176	3.56060624842376
29 Precuneus (BA7m)	3.85942336191977	2.77377362317152	5.08081158352238	3.35883883787864	4.31383794283143	4.388198093344	5.03389719025669	4.6591109685577	4.45465823520543	2.83155233615881	4.61750956363077	4.51394669652351	2.6365412140599	5.15992514132466	3.53605411291328	2.78033894187938	1.66150016513544	3.57392525124245	4.6591109685577	3.75929916139415	0	4.21324274125309	4.66110267442445	3.09204783818308	4.16613058324192	2.72700610966129	3.17759929236807	3.45984622839814	3.81042909920212	3.01161297699406	2.96759227170836	3.89866709858047	2.98888024841514	1.26950508892627	2.98888024841514	3.11568240319752	2.70550436322473	3.3647406106456	3.25379711818679	2.39218309705984	3.55817551871487	3.20682410345747	2.47107840395289	2.47253944571931	2.68051339725364	3.09145980035273	4.87375273929365	2.68051339725364	2.633737808194	2.88759809700765	2.98893261996176	3.47568917906	3.44990509108961	3.34639473280354	2.50030284145269	2.58470048866726	3.38124349551382	3.04903584517838	1.63914054278989
3  Posterior Superior Parietal (BA7p)	1.8838470179237	6.23062917341401	1.62292332523289	2.04396953112869	1.91415188265597	2.09573235377917	2.25562729708452	1.94474912554299	1.93615194641231	2.66801522675511	1.41024137070866	1.82057034980046	5.9313931272194	2.20028353452716	3.70196414001492	3.6751928423655	3.98711519451806	3.84712926388512	1.94474912554299	3.59359846079067	4.21324274125309	0	2.03933624843094	5.63935628746439	2.92532171378445	3.65120002103652	6.18686539618097	6.18537706797572	3.99424378798669	5.80823487082092	6.16939816159293	0.583862920133845	6.06378968621045	4.2789108019717	6.06378968621045	3.99895678721537	4.34161841596291	5.53106173023768	6.36391374739298	6.04398941354064	2.73154558450544	4.97229403553688	2.8007870508229	4.96390486563366	3.47790289551009	3.30902728166192	2.14677181417591	3.47790289551009	4.24063967406488	4.75805916146163	4.5506667687402	3.81755301945337	1.23625475264819	3.72020232060148	3.70333733137693	3.96877614374675	5.9771981422025	2.67710494003102	5.22703641421273
30 Premotor Anterior Lateral (BA6a)	3.16024456391577	5.92226226222438	1.76725127158517	1.38647791751193	3.40181526931909	2.04302747534057	2.11994242084853	3.2213406200189	2.16091336614295	2.3301556849984	0.861556961352866	3.18256323196528	5.50242184946953	1.90827313141693	2.64923996593287	3.25793740368901	3.75990584806459	3.56175745010513	3.2213406200189	3.13080661008726	4.66110267442445	2.03933624843094	0	4.8706012969945	1.40056736937645	3.39719171637338	5.72045423292508	5.39588821200824	2.72536391427907	5.46497062483128	5.63426397894003	1.88971646113278	5.69194307413649	4.26574816241157	5.69194307413649	3.63675947023374	3.57106686722491	4.69822616963948	5.88420890700803	5.9938976542033	2.05603844486569	4.27925359786908	3.65009659342555	4.404149793161	3.40420383042487	3.01927678025585	1.67459940058653	3.40420383042487	4.3787098731843	4.13545028620818	3.71076186600044	2.86616097039435	2.20491202870929	2.8489224980175	3.84738555998631	3.43394040620767	5.21994791025056	2.5209003853181	5.32880891961934
31 Supramarginal Posterior (BA40p)	5.65827223544615	2.07960540537457	5.9784268534191	3.8447535819552	6.20440993852673	5.21543956903062	5.77070843838633	6.33440711375523	5.43860793578742	3.38629289924664	5.24545954715943	6.24390427249567	1.46388006390109	5.81497998469818	2.90071774811319	2.8766520370861	2.07495023676598	4.03881504958477	6.33440711375523	4.04149494551555	3.09204783818308	5.63935628746439	4.8706012969945	0	3.81893151017379	3.25934102909662	2.18203460489094	0.953949924236875	2.76006787277939	2.61569156390902	1.18080356096857	5.2443237030718	2.33591188187137	2.32038030880238	2.33591188187137	3.38307470830972	1.48577206574118	1.55707831606551	2.11513510013203	2.70458854233536	3.77440937645006	2.19759978067406	4.51913756450139	1.43286679853834	3.50292361236211	3.64983139809534	5.44025909634295	3.50292361236211	3.8067780115214	2.12591886518741	1.78323147078729	2.91575401173683	4.9022588292832	2.91898013496394	3.74222940927979	2.36341324998078	1.40543245371606	3.8051250576372	2.73138457898604
32 Ventrolateral Prefrontal, Broca (BA44)	3.45164243358454	4.97752235178462	2.58935972186472	1.44003241280393	3.85811809893498	2.19818908898818	2.41829554709367	3.66357111598239	2.42979687975892	2.07431321991431	2.06640484505337	3.69311097275731	4.56552222618896	2.33110262985104	1.3515421468098	2.28865158473887	3.04369432031541	2.86295107748621	3.66357111598239	2.43884525918413	4.16613058324192	2.92532171378445	1.40056736937645	3.81893151017379	0	2.6179113218638	4.67780744246805	4.24037459415984	1.41011623778917	4.46575238545729	4.60188214482902	2.56760453780854	4.59424002871933	3.61677778418759	4.59424002871933	2.72817055167388	2.58167526219844	3.57366510435619	4.77737135640706	5.09264874065507	1.29481477690879	3.04010802399618	3.38520712519999	3.37176286087391	2.78920434093424	2.30675421259885	1.95187537112728	2.78920434093424	3.72677854838332	2.98377355641175	2.54078041895103	1.67907652864568	2.76106121751039	1.73963380598627	3.27843072057736	2.46419681434304	4.09620097730664	2.01404964944607	4.50287469853983
33 Anterior Inferior Temporal (BA20a)	3.23157965070248	3.25926271266982	3.67389646714768	2.48504626625476	3.64304794340115	2.72761872235832	3.37091015461496	3.759064786175	2.91730418275332	1.9999743699267	3.73312344857979	3.60213422976096	3.21291659212163	3.54590575765504	2.08397918664825	2.01893479067594	1.8845732581702	1.21548414042399	3.759064786175	1.36971313580967	2.72700610966129	3.65120002103652	3.39719171637338	3.25934102909662	2.6179113218638	0	2.94100300561834	3.40520027020138	2.37420154312011	2.43391124329508	3.4090610929769	3.30700470393449	2.95036349678669	2.06456286599788	2.95036349678669	0.669306863218138	2.63415474778319	2.47573804177933	3.19381827473301	3.10511013367069	2.39353425446873	2.55691554169982	2.2099017106931	2.13177095277363	1.30243244744874	0.928593229716505	3.28102495013359	1.30243244744874	1.3320694197548	2.20254896903877	2.22612358542953	2.16465147666677	2.89172341147163	2.16149920241094	1.2142029672513	1.93027352917538	2.90133328476118	1.78807939061206	2.5457301775511
34 Dorsolateral Prefrontal (BA9)	5.80693456705643	0.945404548198904	6.35011284139966	4.6143213180662	6.27170194476462	5.36572869681397	6.04751812089707	6.46748460100919	5.58942358989539	3.98058624608759	6.11126587627831	6.30691804900253	1.27460435572809	6.18687920057968	3.67153793142436	3.46657786317857	2.49250737278566	3.42760506031634	6.46748460100919	3.68629880210291	3.17759929236807	6.18686539618097	5.72045423292508	2.18203460489094	4.67780744246805	2.94100300561834	0	1.69000558558808	3.64307390232023	0.775104176297397	1.39232506569204	5.81582227234532	1.23314474433291	2.30010797651129	1.23314474433291	2.9309098273573	2.98899139112018	1.40374833270697	0.773059604102156	1.36193104576375	4.51860830935097	2.75944369702821	4.39176042302204	1.53593155564928	3.49863408732094	3.46604749604009	5.91557435486756	3.49863408732094	2.8958472694913	2.52645425706436	2.61280046292792	3.64265478742315	5.33093325425245	3.65373616463162	3.18162005130577	2.9683182507733	1.06911419618875	4.08301090029758	1.93436904203891
35 Dorsolateral Prefrontal Medial (BA9m)	6.05672404489004	1.82375326095252	6.37905477324862	4.38274810311294	6.60146271370247	5.50606805654081	6.07536153202575	6.70038983369657	5.74410196068873	3.95841927398431	5.82412627194735	6.63721544721304	1.36399966385906	6.14433735769381	3.16287202174294	3.14105122817175	2.52645197392795	4.06611730873129	6.70038983369657	4.14482954200536	3.45984622839814	6.18537706797572	5.39588821200824	0.953949924236875	4.24037459415984	3.40520027020138	1.69000558558808	0	3.03597692451318	2.24263971911058	0.946372747789698	5.7651227617206	1.76915974102856	2.66961410992451	1.76915974102856	3.40673357213523	2.09691959957201	1.35704744462322	1.4543508118715	2.42777874876572	4.13936107109028	2.10136289113489	4.77745544698249	1.46466395373687	3.73285512839656	3.80379728783041	5.79225428616376	3.73285512839656	3.7768689681801	2.0986796643139	1.95748983193551	3.15012239391572	5.45780606949952	3.19015965986888	3.82935133293136	2.63537714853633	0.926754388803017	4.12602775756713	2.6577795248644
36 FEF Medial (BA8m)	4.18866772420267	4.01242271810957	3.77702287734604	2.20659086496423	4.68995167798399	3.0936583437994	3.47356359767408	4.5621708174066	3.35406891096584	2.41836684241656	3.32496119913106	4.60072701218453	3.57874199257685	3.44141349800815	0.840425555319441	1.86810695928759	2.54676631499007	2.76666309786753	4.5621708174066	2.47193067117071	3.81042909920212	3.99424378798669	2.72536391427907	2.76006787277939	1.41011623778917	2.37420154312011	3.64307390232023	3.03597692451318	0	3.55863522301443	3.53583588329419	3.57396962165138	3.55624425673851	3.11516589974782	3.55624425673851	2.37181697517392	1.76780143998438	2.49189386350133	3.67732244361983	4.21684294926184	1.75705070046664	1.98836957791597	3.60450916636514	2.42924976350818	2.68762960475672	2.3090348481976	3.10376335661575	2.68762960475672	3.42767604427798	2.04805494066137	1.51282777156404	1.15889569649831	3.61487920354168	1.28378895877059	3.13113400472614	1.82389815447819	2.96901462477741	2.32151038507741	3.78314136617681
37 2ary Auditory Anterior (BA21a)	5.32121221309142	1.41113920433595	5.92199235958093	4.38124554818234	5.75183795766654	4.90434015369144	5.59104848348963	5.94874763753894	5.11507206882508	3.72268961373398	5.83720795749727	5.77736754816168	1.80234638393592	5.76198028476179	3.50050638961731	3.25452025670566	2.39187155193046	2.83041513023794	5.94874763753894	3.16051702366685	3.01161297699406	5.80823487082092	5.46497062483128	2.61569156390902	4.46575238545729	2.43391124329508	0.775104176297397	2.24263971911058	3.55863522301443	0	1.97838020245438	5.44749941957602	1.35985174780631	2.16467044126944	1.35985174780631	2.38785319237098	3.11571590394725	1.61676059963187	1.24195324282213	1.38782953910822	4.25747480102434	2.75325193019118	3.89290922832656	1.61599561731552	3.09984100438723	2.97454295639429	5.51360626516178	3.09984100438723	2.27261476328381	2.46514633867246	2.63472106848083	3.47953131948643	4.95478554862224	3.48823653589543	2.64171911939706	2.83875243103779	1.54826014136246	3.7034252221999	1.73677043179385
38 Anterior Prefrontal (BA10)	5.98325488723911	1.11950587703918	6.5354464745554	4.4999311603864	6.50444663745203	5.6669660656571	6.29705643244303	6.69723277938261	5.87979093418663	3.93606083039326	5.97234486135007	6.57093603205044	0.697293330391137	6.3892631074409	3.58407925889158	3.36633446760043	2.28854139018933	4.14171698589253	6.69723277938261	4.29067033673099	2.96759227170836	6.16939816159293	5.63426397894003	1.18080356096857	4.60188214482902	3.4090610929769	1.39232506569204	0.946372747789698	3.53583588329419	1.97838020245438	0	5.7819718911926	1.65696834702928	2.23330203531623	1.65696834702928	3.50506066139129	2.33075128810389	1.6335017187984	1.27888802486623	1.8188562959392	4.42568160203492	2.56609555036039	4.62755337256405	1.4362476681013	3.71952800029525	3.88564148863256	6.04800172673015	3.71952800029525	3.60542605775695	2.40674654215193	2.35281962389969	3.54829217188754	5.35298620187945	3.53919738323864	3.70317703118395	2.82597325686064	1.13388276422703	4.22089991007497	2.17381604132796
4  Anterior Superior Parietal (BA5/BA7a)	1.87333589909899	5.88329416958279	1.60042202037935	1.72272695264086	2.04498784716853	1.81876611598613	2.03453572376417	1.98592934216628	1.68470399373928	2.4274774422912	1.35199177404071	1.98506166664027	5.5684386702517	1.99137222768651	3.23959440618267	3.16626324065517	3.64446300418609	3.53395776265218	1.98592934216628	3.29075551992818	3.89866709858047	0.583862920133845	1.88971646113278	5.2443237030718	2.56760453780854	3.30700470393449	5.81582227234532	5.7651227617206	3.57396962165138	5.44749941957602	5.7819718911926	0	5.62644216611217	3.96369280598589	5.62644216611217	3.62335061710649	3.92253470095342	5.15917642079791	5.94622523070751	5.67619790927204	2.21864212377344	4.47127808906112	2.47225470110216	4.55980527236796	3.12540137559409	2.94389605426649	1.86431529398362	3.12540137559409	3.92448968470461	4.2771415131007	4.09329932603928	3.34426327672796	1.32608260102875	3.25267030494266	3.3855433503761	3.50708210939499	5.59082663541633	2.27154454385267	4.84830673536011
40 Cingulate Anterior (BA32g)	5.59988781567337	1.58437817845101	6.22597186095722	4.58403631416135	6.0946953948276	5.19930803819122	5.81469800997323	6.21092971815311	5.39673928671714	4.11875739156748	6.02685433022662	6.16833013649009	1.70370456302333	5.97155183944047	3.40354298460152	3.0030290178348	2.56322006665465	3.46007163221249	6.21092971815311	3.74857701609414	2.98888024841514	6.06378968621045	5.69194307413649	2.33591188187137	4.59424002871933	2.95036349678669	1.23314474433291	1.76915974102856	3.55624425673851	1.35985174780631	1.65696834702928	5.62644216611217	0	2.43564305590562	0	2.85091568785467	2.8556024967299	1.95046275105299	0.701770296893707	1.34662276685165	4.15794107934151	2.11475568808987	4.01823394252056	1.57053986209829	3.36011586937961	3.35200882506274	5.66990279572874	3.36011586937961	2.78979771809363	1.99383386596273	2.36283939171397	3.33344807326115	5.3503142694416	3.36356557663682	3.04495491608145	2.65623797225688	1.61952083446596	3.86765402088401	1.58504749533122
41 Angular (BA39)	4.08583408998016	2.03843381838333	4.87909318137386	2.97614260986431	4.5371000412694	4.10462228873546	4.80924542176058	4.84442090015816	4.25344298584071	2.29952528506866	4.4167120007223	4.62736951295794	1.83707058295678	4.92712731880354	2.96415624154627	2.52010879255233	0.75629166442437	2.92408965604697	4.84442090015816	3.08163745565624	1.26950508892627	4.2789108019717	4.26574816241157	2.32038030880238	3.61677778418759	2.06456286599788	2.30010797651129	2.66961410992451	3.11516589974782	2.16467044126944	2.23330203531623	3.96369280598589	2.43564305590562	0	2.43564305590562	2.47263624962674	2.11388486046611	2.28767814511451	2.54274759075766	1.99694903734882	3.30543830340372	2.76176032494432	2.79378196099438	1.51996968104607	2.32017464633574	2.52794127601775	4.63666637487242	2.32017464633574	2.1980673305165	2.33971083673352	2.26845698677074	2.93777692597874	3.3745723212844	2.84251456250343	2.09327202485037	2.07651970692927	2.38742608855065	2.73974067594012	1.49039447719999
42 Cingulate Subcallosal (BA25)	5.59988781567337	1.58437817845101	6.22597186095722	4.58403631416135	6.0946953948276	5.19930803819122	5.81469800997323	6.21092971815311	5.39673928671714	4.11875739156748	6.02685433022662	6.16833013649009	1.70370456302333	5.97155183944047	3.40354298460152	3.0030290178348	2.56322006665465	3.46007163221249	6.21092971815311	3.74857701609414	2.98888024841514	6.06378968621045	5.69194307413649	2.33591188187137	4.59424002871933	2.95036349678669	1.23314474433291	1.76915974102856	3.55624425673851	1.35985174780631	1.65696834702928	5.62644216611217	0	2.43564305590562	0	2.85091568785467	2.8556024967299	1.95046275105299	0.701770296893707	1.34662276685165	4.15794107934151	2.11475568808987	4.01823394252056	1.57053986209829	3.36011586937961	3.35200882506274	5.66990279572874	3.36011586937961	2.78979771809363	1.99383386596273	2.36283939171397	3.33344807326115	5.3503142694416	3.36356557663682	3.04495491608145	2.65623797225688	1.61952083446596	3.86765402088401	1.58504749533122
43 Temporopolar (BA38)	3.50976313825525	3.38338213978097	3.83457188374054	2.84083281716677	3.91530818597476	2.80959332965513	3.39197012620587	3.94646644077333	3.01402032754923	2.46354337897499	4.026014179215	3.85970730945308	3.37808971176147	3.58981874275361	2.05367049191054	2.05121519476403	2.28263140778567	1.01273341626375	3.94646644077333	1.2483131393056	3.11568240319752	3.99895678721537	3.63675947023374	3.38307470830972	2.72817055167388	0.669306863218138	2.9309098273573	3.40673357213523	2.37181697517392	2.38785319237098	3.50506066139129	3.62335061710649	2.85091568785467	2.47263624962674	2.85091568785467	0	2.831969852533	2.47701719572089	3.12254539829785	3.19374815675769	2.4731762212309	2.40741067852582	2.4529305385509	2.23847945077375	1.57281771381655	1.00683706775292	3.3316668811806	1.57281771381655	1.45470530168896	2.14713869255427	2.25982773557853	2.16203804263273	3.35324594472203	2.21156648761515	1.49902602222089	2.06103547305162	2.90122605466708	1.99460200596492	2.69686619581413
44 Dorsolateral Prefrontal (BA46)	4.51216491549895	2.99651778131601	4.70192079371682	2.56326543259007	5.06297440013525	4.04270129261057	4.53776804676787	5.12197420766982	4.24322580963011	2.41760809399465	3.89672814483092	5.0909390181324	2.40123727624982	4.54438350775844	1.7826934491083	1.87231995637797	1.58397184390127	3.44587222294245	5.12197420766982	3.34867034034763	2.70550436322473	4.34161841596291	3.57106686722491	1.48577206574118	2.58167526219844	2.63415474778319	2.98899139112018	2.09691959957201	1.76780143998438	3.11571590394725	2.33075128810389	3.92253470095342	2.8556024967299	2.11388486046611	2.8556024967299	2.831969852533	0	2.1290097288489	2.92828548042021	3.27852881005077	2.44883851417732	1.74339139297417	3.56606756624107	1.59205331222006	2.75387454292922	2.82107451611244	4.15278127132257	2.75387454292922	3.41692953824575	1.67101805665389	1.129415517743	1.84096201577483	3.75971197975119	1.81698442151989	3.1467500011886	1.52397771910639	2.32122926175232	2.72426982801625	2.86762620548945
